500 250
68 42
1 35
25 70
59 79
65 63
46 6
28 82
92 62
43 96
37 28
5 92
54 3
83 93
17 22
96 19
27 48
39 72
13 70
100 68
95 36
12 4
34 23
65 74
12 42
69 54
45 48
58 63
60 38
42 24
79 30
36 17
43 91
7 89
43 41
49 65
6 47
30 91
51 71
2 7
49 94
24 30
55 85
41 57
77 67
9 32
40 45
24 27
39 38
83 19
42 30
16 34
59 40
31 5
7 78
87 74
46 22
73 25
30 71
74 78
13 98
91 87
37 62
68 56
75 56
53 32
51 51
25 42
31 67
92 8
38 8
88 58
84 54
10 46
59 10
89 22
47 23
31 7
69 14
92 1
56 63
60 11
38 25
84 49
42 96
51 3
37 92
21 75
22 97
100 49
85 69
35 82
100 54
39 19
89 1
68 28
94 29
84 49
22 8
18 11
15 14
17 10
52 36
50 1
57 20
4 99
9 25
10 45
3 90
86 96
44 94
88 24
4 15
1 49
19 59
97 81
82 99
99 90
58 10
23 73
93 39
80 39
58 91
92 59
89 16
12 57
35 3
56 73
47 29
87 63
34 76
43 70
17 45
99 82
52 23
100 22
77 58
90 93
13 76
11 1
70 4
89 62
90 2
24 56
86 3
86 83
27 89
58 18
33 33
55 70
90 22
30 77
93 69
56 26
50 35
13 42
61 46
54 19
24 40
97 80
30 88
38 50
50 67
96 94
17 98
6 87
83 89
35 56
2 15
72 17
64 87
56 14
54 86
9 13
46 33
57 14
59 22
83 47
45 82
23 97
62 30
51 36
67 74
60 45
40 93
25 54
11 55
50 46
14 87
23 75
19 69
6 88
92 59
26 3
15 78
25 15
75 35
60 73
71 34
98 88
78 19
71 74
69 64
86 93
81 3
28 14
100 3
26 28
25 44
73 24
82 62
33 4
94 6
32 26
43 93
87 23
1 65
61 88
75 14
71 71
34 36
61 12
68 97
51 86
95 41
25 96
26 20
95 77
3 59
67 72
94 79
85 52
65 19
53 20
88 1
27 61
58 11
16 71
28 77
59 44
10 65
87 83
88 66
75 78
28 26
29 30
21 24
63 3
97 24
62 38
26 96
