700 500
68 42
101 35
125 270
159 79
65 263
146 6
28 182
92 62
143 296
37 28
5 292
154 3
183 293
117 22
96 219
127 48
139 72
113 70
100 168
95 236
12 204
134 123
65 274
112 142
69 54
45 48
158 263
60 238
142 24
179 230
36 17
43 291
107 289
143 41
49 65
6 147
130 291
151 71
102 7
149 94
24 130
155 85
41 157
177 167
109 132
40 145
124 27
139 138
83 219
142 130
116 34
59 140
131 205
107 178
187 174
146 222
73 225
30 271
174 78
113 298
91 287
37 162
168 156
175 256
53 132
151 51
125 142
31 167
192 208
138 8
88 158
184 154
110 246
159 110
189 222
147 123
31 207
169 214
192 1
56 163
160 11
138 25
84 249
42 296
151 3
37 92
21 75
22 97
200 49
85 169
135 182
200 54
139 19
189 1
68 128
94 129
84 49
22 108
18 211
115 14
17 210
52 36
50 201
157 20
104 299
9 225
10 145
103 290
86 196
144 94
188 224
104 215
1 249
19 259
197 181
82 99
199 90
158 110
23 73
93 239
180 39
58 191
192 159
89 16
112 257
35 3
56 273
47 229
87 263
34 276
143 170
17 145
199 282
52 123
100 122
77 258
190 293
113 276
111 201
70 4
89 162
190 202
24 256
186 203
86 183
27 89
158 118
133 233
155 270
190 222
130 177
93 269
156 126
150 135
113 242
61 146
154 119
24 240
197 80
130 188
38 50
150 67
196 194
17 298
106 87
83 189
135 156
102 115
72 117
64 87
156 114
54 286
9 13
146 33
157 114
159 122
183 247
145 182
23 97
162 230
51 136
67 74
60 45
40 193
25 154
111 55
50 246
114 287
23 275
19 69
106 188
192 259
26 3
15 78
25 15
75 235
160 73
71 134
98 288
178 19
71 74
69 264
186 93
81 103
28 114
100 3
26 228
125 44
173 224
182 162
33 104
194 106
32 226
143 93
87 123
101 165
161 288
175 214
171 171
34 236
161 212
68 297
151 86
95 141
25 296
126 120
95 177
103 159
67 272
194 179
85 152
65 119
153 120
88 101
127 161
158 11
116 71
28 277
159 44
110 265
87 83
88 166
75 178
28 226
129 230
121 224
163 3
197 124
62 138
126 296
61 65
117 203
127 231
172 212
148 112
121 154
125 91
164 189
52 141
30 63
114 1
179 59
8 266
1 78
40 259
161 204
125 158
109 178
88 114
51 2
29 61
185 94
141 206
105 212
157 236
151 73
86 224
17 157
158 127
158 127
72 238
162 170
23 297
113 218
97 118
42 186
130 124
166 230
133 260
56 97
163 54
135 285
173 55
170 158
164 33
84 208
36 12
49 168
139 176
143 124
112 55
176 242
26 160
71 222
135 127
184 206
199 151
102 80
135 194
135 138
194 157
106 277
149 63
101 282
42 14
56 56
63 243
78 12
79 25
44 253
74 97
114 141
73 276
11 219
133 118
96 213
32 270
89 241
91 186
190 298
146 191
115 154
141 52
59 145
160 36
6 93
182 65
30 4
9 76
198 193
157 150
28 62
142 168
41 30
175 214
78 202
84 116
193 114
2 25
160 293
29 271
85 128
187 176
171 199
48 288
104 205
64 222
164 7
172 11
41 190
143 165
114 120
105 92
33 19
6 151
140 176
23 4
48 99
49 85
65 272
76 114
113 246
79 147
63 270
186 120
145 90
141 166
109 146
71 119
124 2
73 133
88 153
164 71
104 202
128 24
170 201
166 216
144 29
89 148
38 244
64 210
82 250
143 89
61 9
159 222
89 255
91 47
44 150
21 131
68 149
184 37
27 36
39 186
30 254
149 125
160 124
167 158
156 145
127 219
26 212
2 256
97 50
116 285
143 265
114 276
197 243
73 49
7 27
30 74
106 5
13 227
94 176
37 66
142 37
195 215
53 157
39 237
156 83
132 16
42 231
12 226
187 238
51 191
35 263
154 94
53 117
63 209
55 34
35 104
57 204
125 149
14 18
29 110
81 101
59 19
156 51
65 162
77 204
110 244
162 203
149 290
54 83
21 75
124 3
170 232
60 279
20 109
4 272
182 46
193 105
114 286
190 99
139 123
11 138
35 262
162 209
94 60
70 16
70 38
101 59
65 172
16 118
16 256
40 31
89 213
155 183
111 186
175 185
16 281
142 152
80 116
99 11
189 274
133 278
90 257
9 14
191 42
164 224
185 29
1 179
86 272
72 75
68 234
96 54
26 69
30 77
199 151
94 10
81 187
50 217
