8000 1000
68 42
101 335
525 170
559 479
465 463
146 206
28 282
492 462
743 496
637 328
205 392
154 403
383 293
317 422
696 219
127 448
339 272
713 370
700 168
295 36
612 204
734 323
665 174
512 142
469 254
445 48
758 163
60 38
142 224
779 30
636 317
243 191
507 289
143 41
249 265
606 447
330 391
151 371
702 7
349 394
624 130
755 85
641 257
177 467
709 432
440 445
124 127
739 38
483 119
542 430
716 334
59 140
331 205
707 478
787 174
746 22
673 425
230 271
374 278
513 98
491 487
237 162
768 356
375 156
53 32
351 351
125 442
231 467
592 108
138 8
288 458
784 254
110 446
159 210
189 222
147 423
231 7
369 414
592 401
56 263
760 411
538 125
84 49
42 96
351 103
437 292
621 375
22 97
800 349
485 169
735 282
400 54
739 419
589 401
468 128
494 229
84 149
22 308
218 311
715 314
417 310
652 436
450 101
357 20
704 299
609 225
610 345
703 490
486 196
744 94
788 24
704 315
401 449
219 459
597 81
82 299
799 90
758 10
423 473
293 39
180 39
58 191
592 459
489 316
312 157
235 203
56 273
247 329
87 363
434 376
143 370
617 345
799 382
252 323
100 22
477 58
390 393
313 76
111 101
470 4
289 362
190 402
424 256
186 3
686 183
227 89
558 118
533 333
555 170
390 222
130 477
693 369
156 426
550 435
713 442
461 146
554 219
424 140
397 280
530 188
638 50
150 367
796 194
417 298
106 287
283 489
135 456
502 115
672 317
264 287
356 314
54 186
409 413
146 333
557 314
359 322
783 147
145 482
223 197
562 130
451 36
67 174
60 45
40 293
25 254
711 155
650 246
314 187
23 475
419 169
306 288
192 459
426 203
415 478
225 315
275 335
160 373
71 334
298 488
178 19
271 274
269 264
386 193
481 103
428 214
100 303
226 28
325 44
373 24
582 62
233 4
394 6
232 226
143 493
87 223
701 65
361 188
575 414
371 271
434 236
161 212
668 397
551 286
95 141
25 196
526 20
95 77
703 159
67 372
194 179
685 352
465 19
753 120
488 301
327 61
758 11
316 171
628 77
359 44
310 165
287 383
288 66
75 78
28 126
729 130
521 424
563 403
597 124
462 238
526 196
261 265
117 203
327 31
372 12
748 412
721 154
525 291
164 189
52 441
230 163
114 401
779 459
208 366
401 478
40 59
761 304
725 358
309 478
488 114
451 302
29 461
185 494
141 406
705 112
357 336
551 73
86 324
17 57
558 127
558 27
72 338
562 370
223 397
513 118
297 218
42 86
130 424
566 230
133 60
256 297
163 54
135 85
173 155
770 458
564 33
84 108
436 412
449 68
139 176
543 224
112 255
176 242
226 460
271 222
735 127
584 206
599 351
302 280
735 194
135 138
394 57
106 177
149 463
301 382
642 414
56 356
263 143
478 112
679 425
44 253
674 297
514 41
73 376
611 319
533 18
296 113
632 170
89 41
691 186
190 498
746 491
115 354
341 152
59 45
760 336
406 193
182 265
630 4
609 276
398 293
757 50
428 62
742 468
41 130
375 314
478 102
684 216
793 214
2 325
560 393
29 171
85 28
387 76
171 499
648 288
504 105
264 222
764 207
572 11
641 490
743 165
114 120
305 92
433 319
406 251
740 476
223 304
48 99
49 85
265 472
676 414
713 46
279 47
63 270
386 20
745 290
141 366
709 246
671 319
324 102
473 133
288 153
164 71
304 402
328 424
570 101
766 16
744 29
489 348
638 444
64 410
682 50
143 89
61 109
159 222
89 455
691 147
44 450
21 431
668 249
784 37
227 36
639 186
30 354
549 225
160 424
767 258
556 445
727 319
226 412
602 356
697 50
716 85
143 465
314 76
797 143
273 449
207 427
430 174
306 405
213 127
494 376
37 66
342 237
395 315
253 257
439 437
556 483
332 16
242 231
412 126
187 138
51 191
35 163
754 394
653 417
63 9
655 234
635 304
657 304
725 149
214 318
29 110
281 201
59 319
156 51
65 362
477 404
510 144
362 403
149 490
54 283
621 175
524 403
170 332
260 379
220 9
404 472
182 446
393 5
514 186
790 199
339 223
11 38
635 462
362 9
94 460
470 16
70 438
301 59
665 472
216 118
616 56
640 331
489 213
355 83
711 86
775 485
216 381
142 452
80 116
299 111
789 74
533 478
690 457
409 114
591 442
564 224
385 29
1 279
286 72
272 475
468 334
696 154
26 169
430 177
199 151
694 310
481 187
250 117
729 168
665 180
406 422
417 327
527 17
288 167
765 182
87 341
463 22
465 222
416 310
274 403
742 125
563 246
332 424
269 307
3 319
308 408
213 482
231 137
410 115
357 85
494 291
353 497
546 55
249 209
113 492
515 132
759 440
105 223
253 496
280 270
24 239
467 419
499 160
397 487
234 463
23 159
793 147
726 38
659 148
408 103
631 99
201 293
800 279
449 353
541 383
576 316
768 263
798 337
698 419
252 329
231 317
126 450
230 159
541 21
748 61
56 163
793 176
555 362
747 399
547 215
370 189
464 139
516 76
476 22
529 116
571 235
665 406
163 58
125 162
670 50
724 331
734 351
511 426
337 238
479 338
437 394
165 215
750 92
106 136
405 338
224 338
371 165
169 109
686 282
774 153
195 153
627 377
373 397
241 250
420 175
612 444
290 442
766 420
386 306
251 217
210 116
367 65
75 394
701 10
774 196
362 90
369 173
432 359
227 269
23 11
780 275
353 411
592 183
165 496
565 375
256 403
475 461
422 473
748 123
190 78
596 106
751 95
755 344
213 482
240 173
313 429
368 263
416 409
424 409
35 260
687 205
159 320
407 446
301 167
93 368
533 288
575 57
222 448
623 284
777 332
549 84
383 224
377 19
712 221
657 183
126 491
87 325
770 178
335 144
269 178
392 69
584 197
528 329
672 427
13 198
628 204
746 409
786 9
238 239
514 444
51 2
512 129
150 151
655 193
682 370
268 466
594 214
673 135
431 473
443 402
278 178
703 271
582 365
24 91
24 238
596 180
728 170
111 43
659 183
688 427
529 171
659 152
261 214
487 284
611 243
729 473
242 435
304 219
66 368
282 439
351 258
199 115
262 459
757 64
279 308
236 490
76 366
587 87
361 334
449 331
693 429
641 434
136 267
400 311
293 338
129 483
170 353
195 245
453 109
633 148
9 36
298 265
450 244
442 16
101 190
249 313
652 24
634 475
1 392
391 355
120 198
179 281
545 432
688 341
126 400
739 484
594 493
212 253
635 61
298 341
130 286
406 41
593 292
750 211
580 79
478 472
194 74
698 121
77 327
183 291
760 79
90 419
250 160
273 425
609 381
609 468
104 478
608 371
75 197
612 223
762 20
91 57
684 164
733 217
342 453
414 455
797 363
616 461
200 405
681 137
633 199
585 388
318 241
671 7
483 242
324 250
106 259
296 122
317 297
579 179
259 80
751 78
530 8
596 82
677 179
100 254
366 285
9 94
44 173
315 430
256 169
374 192
349 423
587 152
447 145
118 78
317 130
592 375
513 470
294 147
216 92
458 450
453 141
552 237
27 488
156 163
395 184
98 181
666 66
462 14
279 79
541 379
748 112
171 446
690 476
550 251
266 334
483 215
233 8
368 397
83 23
42 311
588 232
80 206
139 322
248 352
47 209
160 277
23 190
487 167
429 456
61 115
578 254
504 349
32 362
456 83
507 198
622 253
682 297
456 22
725 448
336 319
175 377
199 360
454 75
236 423
89 144
433 154
681 248
79 427
402 451
600 462
764 356
174 217
46 62
275 474
354 51
288 182
511 200
666 144
130 173
513 482
382 477
491 248
6 172
433 373
521 490
232 166
94 159
179 207
607 449
567 172
698 397
495 21
389 30
385 110
179 470
16 118
485 127
307 169
98 429
391 119
586 200
800 487
711 421
614 272
486 416
381 319
68 332
645 388
108 187
228 361
32 75
672 153
694 269
338 386
5 312
407 178
223 269
201 414
738 43
589 39
490 356
782 148
585 94
362 488
218 494
683 2
466 448
505 254
696 85
622 26
182 465
107 373
144 157
681 94
469 81
114 412
52 469
80 217
241 269
134 32
664 280
254 260
496 437
675 366
436 221
177 181
126 456
9 72
357 60
233 103
41 406
763 376
363 386
237 81
3 298
481 9
77 341
294 59
547 241
774 475
81 98
673 336
708 401
667 456
389 142
369 482
197 316
210 226
537 13
363 456
743 44
323 22
449 13
169 19
115 218
491 151
760 336
296 170
241 304
200 480
792 106
682 162
754 153
30 34
643 488
84 254
615 421
245 219
30 64
465 153
71 270
248 6
688 95
77 327
141 324
791 180
711 89
346 272
471 222
390 184
179 456
207 280
136 263
797 488
489 34
580 436
391 494
566 463
706 2
568 308
735 170
658 172
346 499
619 98
445 339
564 373
465 29
324 302
405 491
228 102
493 198
364 272
764 302
366 222
246 422
496 111
623 242
352 313
56 16
739 394
683 280
